0
56.3164
111.246
163.437
211.603
254.558
291.246
320.762
342.38
355.568
360
355.568
342.38
320.762
291.246
254.558
211.603
163.437
111.246
56.3164
56.3164
0
56.3164
111.246
163.437
211.603
254.558
291.246
320.762
342.38
355.568
360
355.568
342.38
320.762
291.246
254.558
211.603
163.437
111.246
111.246
56.3164
0
56.3164
111.246
163.437
211.603
254.558
291.246
320.762
342.38
355.568
360
355.568
342.38
320.762
291.246
254.558
211.603
163.437
163.437
111.246
56.3164
0
56.3164
111.246
163.437
211.603
254.558
291.246
320.762
342.38
355.568
360
355.568
342.38
320.762
291.246
254.558
211.603
211.603
163.437
111.246
56.3164
0
56.3164
111.246
163.437
211.603
254.558
291.246
320.762
342.38
355.568
360
355.568
342.38
320.762
291.246
254.558
254.558
211.603
163.437
111.246
56.3164
0
56.3164
111.246
163.437
211.603
254.558
291.246
320.762
342.38
355.568
360
355.568
342.38
320.762
291.246
291.246
254.558
211.603
163.437
111.246
56.3164
0
56.3164
111.246
163.437
211.603
254.558
291.246
320.762
342.38
355.568
360
355.568
342.38
320.762
320.762
291.246
254.558
211.603
163.437
111.246
56.3164
0
56.3164
111.246
163.437
211.603
254.558
291.246
320.762
342.38
355.568
360
355.568
342.38
342.38
320.762
291.246
254.558
211.603
163.437
111.246
56.3164
0
56.3164
111.246
163.437
211.603
254.558
291.246
320.762
342.38
355.568
360
355.568
355.568
342.38
320.762
291.246
254.558
211.603
163.437
111.246
56.3164
0
56.3164
111.246
163.437
211.603
254.558
291.246
320.762
342.38
355.568
360
360
355.568
342.38
320.762
291.246
254.558
211.603
163.437
111.246
56.3164
0
56.3164
111.246
163.437
211.603
254.558
291.246
320.762
342.38
355.568
355.568
360
355.568
342.38
320.762
291.246
254.558
211.603
163.437
111.246
56.3164
0
56.3164
111.246
163.437
211.603
254.558
291.246
320.762
342.38
342.38
355.568
360
355.568
342.38
320.762
291.246
254.558
211.603
163.437
111.246
56.3164
0
56.3164
111.246
163.437
211.603
254.558
291.246
320.762
320.762
342.38
355.568
360
355.568
342.38
320.762
291.246
254.558
211.603
163.437
111.246
56.3164
0
56.3164
111.246
163.437
211.603
254.558
291.246
291.246
320.762
342.38
355.568
360
355.568
342.38
320.762
291.246
254.558
211.603
163.437
111.246
56.3164
0
56.3164
111.246
163.437
211.603
254.558
254.558
291.246
320.762
342.38
355.568
360
355.568
342.38
320.762
291.246
254.558
211.603
163.437
111.246
56.3164
0
56.3164
111.246
163.437
211.603
211.603
254.558
291.246
320.762
342.38
355.568
360
355.568
342.38
320.762
291.246
254.558
211.603
163.437
111.246
56.3164
0
56.3164
111.246
163.437
163.437
211.603
254.558
291.246
320.762
342.38
355.568
360
355.568
342.38
320.762
291.246
254.558
211.603
163.437
111.246
56.3164
0
56.3164
111.246
111.246
163.437
211.603
254.558
291.246
320.762
342.38
355.568
360
355.568
342.38
320.762
291.246
254.558
211.603
163.437
111.246
56.3164
0
56.3164
56.3164
111.246
163.437
211.603
254.558
291.246
320.762
342.38
355.568
360
355.568
342.38
320.762
291.246
254.558
211.603
163.437
111.246
56.3164
0
